2471
2471
2471
2471
2471
2471
2473
2473
2473
2473
2475
2475
2475
2477
2477
2477
2477
2479
2479
2479
2479
2479
2481
2481
2481
2481
2481
2483
2483
2483
2483
2485
2485
2485
2485
2487
2487
2487
2487
2487
2487
2489
2489
2489
2491
2491
2491
2491
2491
2493
2493
2495
2495
2495
2495
2495
2495
2495
2497
2497
2499
2499
2499
2499
2499
2499
2501
2501
2501
2501
2501
2501
2501
2503
2503
2503
2503
2503
2503
2503
2505
2505
2505
2505
2505
2505
2507
2507
2507
2507
2507
2507
2507
2507
2507
2507
2507
2507
2507
2509
2509
2509
2509
2509
2509
2509
2509
2509
2509
2509
2511
2511
2511
2511
2511
2511
2511
2511
2511
2513
2513
2513
2513
2515
2515
2515
2515
2517
2517
2517
2519
2519
2519
2519
2521
2523
2523
2525
2525
2527
2527
2529
2529
2529
2529
2529
2529
2531
2531
2531
2531
2531
2531
2531
2533
2533
2533
2533
2533
2533
2533
2533
2533
2533
2535
2535
2535
2535
2537
2537
2537
2537
2537
2537
2537
2539
2539
2539
2539
2541
2541
2541
2541
2541
2543
2543
2543
2545
2545
2545
2547
2547
2547
2547
2551
2551
2553
2553
2553
2553
2555
2555
2555
2555
2555
2555
2557
2557
2559
2559
2559
2559
2559
2561
2561
2561
2563
2563
2563
2563
2563
2563
2563
2565
2565
2565
2565
2567
2567
2567
2569
2569
2569
